10k:
       left  right
0  0.653107  0.729
1  0.652671  0.810
2  0.726125  0.900
3  0.805221  1.000
4  0.000000  0.000

1k:
       left     right
0  0.185674  0.723653
1  0.186260  0.808395
2  0.263943  0.899655
3  0.273333  0.999957
4  0.000000  0.000000

500:
       left     right
0  0.039446  0.550452
1  0.038819  0.718680
2  0.058130  0.867534
3  0.108425  0.993430
4  0.000000  0.000000

100:
       left     right
0  0.000126  0.014853
1  0.000177  0.066951
2  0.000321  0.242378
3  0.002183  0.633968
4  0.000000  0.000000
